# name: CMB_12K
# type: matrix
# rows: 1
# columns: 1001
7.26174e+06 683.053 630416 1.20559e+06 551703 769388 206644 306208 139629 118885 130127 102036 80286.3 61188.2 60997.4 55740.6 38783.4 45281.2 29785.7 35910.9 26277.3 21255.3 17676.3 20466.8 18638.4 20896.9 21523.4 16067.1 21301.5 18698 15384.1 14251.5 20336 13600.9 15033 11284.2 12174.4 15434 13543.8 12370.5 17996.9 10055.4 11507.4 10643.5 9501.24 8140.71 8933.96 11319.1 6240.4 10148.4 10214.9 7099.02 7926.64 6467.29 6352.28 6796.44 8576.04 8045.22 7125.96 6026.71 6494.94 6056.81 7367.55 7186.18 6083.26 5962.25 5393.04 6313.09 6185 6608.35 5813.01 5248.46 4551.62 7058.11 6225.24 5105.69 4679.02 5537.5 4558.7 4099.11 4888.81 5333.34 5784.73 4143.15 4269.53 4842.35 4834.14 4945.51 3812.31 4796.99 4358.68 4645.47 4686.45 4283.17 3979.44 3753.19 3917.84 4352.26 3394.14 4227.79 4072.97 4365.89 4058.25 3640.36 4481.9 3426.58 3751.47 4161.74 4509.23 3888.69 4220.57 3669.54 3633.04 3291.78 2749.55 3726.96 3784.15 4727.93 3611.39 3487.26 3263.47 4462.21 3464.5 3731.44 2932.82 3302.04 3483.71 3743.31 3322.32 3097.4 3388.51 2871.02 3218.68 3338.45 3141.23 3058.59 3553.5 3253.67 3298.03 3182.25 3167.45 3151.52 3286.87 3173.02 2985.23 3392.33 2908.33 2790.26 2769.25 2824.54 3125.11 2827.88 3006.8 3306.56 2508.43 2657.19 2783.93 2924.12 2959.34 2896.14 2916.78 2648.81 2435 2727.65 2886.04 2687 2749.36 2399.85 2986.17 2489.07 2585.99 2441.13 2905.12 2772.87 2483.18 2566.33 2630.06 2142.64 2381.9 2970.31 2302.33 2103.49 2363.16 2213.33 2284.86 2609.22 2402.31 2154.49 2426.69 2399.14 2324.15 2191.59 2540.25 2184.37 2223.03 2019.62 2077.66 2121.66 2125.59 2100.46 2127.01 2132.09 2036.72 2261.15 2039.25 2057.45 1960.09 1772.9 1907.37 1825.68 1834.18 1799.95 2067.6 1935.06 1755.75 2038.76 1878.81 1662.26 1805.7 1806.95 1856.24 1809.05 1842.01 1739.5 1528.55 1683.62 1708.14 1697.81 1654.53 1490.67 1529.71 1618.3 1578.99 1651.5 1510.25 1545.76 1673.39 1418.51 1484.01 1578.82 1505.9 1541.67 1249.03 1462.55 1377.53 1461.14 1435.61 1382.29 1296.66 1152.69 1297.87 1255.29 1449.27 1239.5 1161.86 1179.53 1344.88 1095.36 1181.32 1091.53 1283.68 1169.53 1147.94 1413.34 1084.36 886.276 1208.19 1162.84 1072.21 1015.92 899.872 1050.69 1152.64 929.782 1090.34 915.107 952.978 926.734 984.774 938.61 983.74 868.963 936.155 906.978 777.363 845.909 768.486 797.43 835.809 765.978 862.919 696.964 725.635 812.93 697.518 746.153 744.253 693.567 694.213 678.545 702.817 680.985 651.745 643.946 628.198 665.855 624.214 536.061 617.224 599.444 608.705 574.028 551.395 547.004 496.492 565.268 559.621 485.631 495.574 482.097 517.994 446.69 507.644 474.384 512.534 440.18 496.574 464.463 414.238 463.718 412.894 475.626 404.625 393.107 374.313 386.614 361.153 375.888 407.991 382.488 388.043 337.866 359.875 341.134 329.568 300.612 346.785 332.594 314.099 288.772 300.137 320.906 302.774 310.349 291.762 280.683 282.053 303.718 280.371 232.118 268.607 273.569 267.078 241.937 266.619 249.094 224.777 256.494 224.32 232.26 232.61 227.756 242.114 221.674 225.056 226.788 220.448 216.864 231.338 211.176 213.867 192.035 197.82 188.071 184.786 187.339 199.148 184.271 201.657 168.809 192.551 169.309 183.354 181.57 177.679 176.192 188.953 182.13 159.713 158.191 170.616 165.354 167.452 163.042 178.8 169.433 157.412 158.314 173.749 161.065 151.448 148.052 165.392 161.483 162.537 159.391 151.472 142.859 155.04 164.039 143.251 152.006 138.999 146.387 151.046 143.919 153.645 160.978 145.023 148.884 154.299 156.144 153.606 150.229 147.264 153.921 140.797 156.095 134.827 145.199 141.663 149.301 161.04 151.288 144.44 142.37 131.948 141.986 143.191 145.353 129.155 146.955 147.177 149.537 146.491 155.244 142.445 149.322 139.698 142.492 158.568 142.901 156.694 147.449 165.017 157.041 147.833 150.791 148.323 143.256 141.169 139.21 152.667 145.812 151.916 148.194 146.694 140.058 153.742 145.152 159.397 141.045 151.37 151.38 148.045 153.579 138.21 145.963 145.728 153.73 155.361 143.472 161.041 132.712 148.553 136.298 138.053 141.497 146.838 143.337 149.872 148.102 133.286 146.365 147.974 147.262 152.692 147.966 141.706 138.701 139.97 156.709 148.148 144.347 131.629 135.173 132.371 141.13 146.799 137.713 130.13 134.807 139.945 137.919 136.942 127.502 143.405 128.108 137.328 120.679 131.395 134.94 133.607 135.112 127.31 129.298 131.273 122.075 129.169 121.484 128.176 116.319 115.265 120.13 139.509 125.377 116.939 127.355 120.766 126.328 114.79 117.891 120.868 113.138 126.785 120.952 108.211 123.522 118.227 111.141 116.542 119.437 120.241 116.299 122.615 112.679 114.764 110.245 103.019 111.109 103.537 101.688 104.028 106.493 114.528 102.911 106.843 100.585 105.818 99.8709 103.655 96.1226 103.632 100.951 105.955 95.8837 101.846 95.2876 94.6079 96.0766 95.3768 90.6503 89.8356 88.3585 87.8045 85.5071 89.393 88.164 95.8218 84.7253 87.3473 88.6068 83.3333 86.85 86.1579 83.8727 80.2842 81.5159 81.5314 82.6811 82.4547 78.1381 80.5026 79.7043 82.8437 80.3865 75.3692 75.2365 77.7768 72.7651 75.853 78.5863 73.0549 72.7914 76.8398 71.1865 74.2674 68.5236 72.2626 68.7488 66.9076 70.5853 68.9241 67.4613 67.1978 66.8522 67.019 65.0283 64.2726 67.5668 67.044 66.6997 66.6947 60.7898 63.0765 55.5525 64.47 61.4385 64.9367 62.9456 56.5845 61.2277 61.2791 61.6852 55.7811 58.7264 61.2307 66.14 61.6327 60.8744 62.8355 53.0473 57.969 59.2712 58.9878 54.5617 61.4438 61.8982 58.5386 55.8625 56.3238 58.0571 59.7092 53.4738 54.5064 53.1642 57.3175 55.5762 52.7453 54.417 51.3804 48.1582 51.6113 52.5735 55.2291 52.5921 55.7575 54.1364 54.3471 53.2545 49.6951 53.5534 54.4646 54.8428 52.5133 52.8185 55.071 50.1395 52.9674 54.0558 51.3901 52.4103 51.059 53.7173 48.0103 51.2435 51.2033 54.7048 50.401 49.6806 47.6369 49.9024 47.5917 51.2681 54.5969 49.0859 51.1789 53.1474 53.2513 49.3578 50.581 49.5861 52.8318 52.2552 48.7841 49.9783 52.0733 48.6519 51.9614 46.7241 47.7944 49.9046 52.0263 48.8512 55.3346 54.3205 48.563 52.5196 50.8683 52.99 51.1679 50.5174 50.6854 55.6485 54.2472 54.8647 52.6895 53.9263 53.2628 52.0583 52.637 51.8819 49.959 48.6316 49.3183 55.368 52.8831 51.4435 53.7642 56.0458 52.38 51.908 51.1628 51.4708 55.1163 49.4663 53.8892 50.196 49.818 49.9555 54.3155 50.4947 50.2386 50.3993 51.8644 50.798 51.9487 49.5339 52.7872 50.611 50.0208 51.1758 50.4006 49.8372 49.6462 51.2156 49.4542 49.4811 49.5229 53.1077 53.1368 51.4133 51.6862 46.714 50.4681 51.3328 49.5976 50.5427 50.0226 50.3451 50.9772 52.566 49.3202 48.2473 47.7327 48.8737 52.6059 47.4575 46.8497 47.7626 47.5376 47.6299 48.552 48.2708 50.0995 46.9553 50.1676 46.1074 45.5923 48.3817 48.503 47.1701 48.8283 45.71 44.6359 48.4805 47.9671 47.8704 45.8211 44.1671 46.7965 46.7673 44.8613 41.5526 42.2523 44.187 43.5602 47.3114 43.0458 44.3249 42.8173 42.431 44.3181 46.4239 41.9607 42.6813 41.8929 42.1501 43.4706 41.9243 40.7368 40.4997 39.7781 44.0355 41.4059 38.7896 40.4399 40.8725 40.4038 38.0217 38.5014 39.0856 38.9973 38.1068 35.4659 40.4794 36.244 37.2442 35.742 35.8618 37.9827 34.8824 33.6464 32.9941 37.507 35.1948 34.0399 32.2694 32.4087 33.1127 33.7914 33.7508 32.5954 33.3213 35.641 33.6366 32.4513 31.9628 32.0971 31.5277 31.3039 30.4244 31.8785 30.1472 28.9803 30.092 29.2119 29.0974 29.8451 28.8307 28.2798 27.1477 30.5266 28.8077 27.7842 27.9055 26.4164 26.7391 27.4809 26.6606 27.3724 25.0554 25.3863 26.1758 25.8969 24.6361 25.2436 25.496 23.5712 24.3169 26.3206 23.8787 23.2379 23.3228 23.5917 23.739 24.0184 23.294 23.3618 22.7019 22.6165 22.727 22.2124 20.924 21.2668 20.5484 18.8711 20.7276 21.0837 21.0187 19.9792 20.4302 19.1676 19.5435 19.7626 19.5937 18.9572 18.8794 19.5078 17.5818 18.6343 18.907 17.1727 18.8514 18.0341 18.421 17.3461 17.6117 17.74 17.5408 17.319 17.7519 17.11 16.2344 16.5644 15.899 16.3453 15.3297 16.797 16.1807 15.243 15.5766 16.1898 14.7355 15.0771 14.5135 15.0452 15.1793 15.5842 15.1827 14.4387 14.0226 14.9265 14.5365 14.0546 14.1045 13.8821 13.6734 14.6722 13.9165 14.416 14.3001 13.1228 13.4922 13.4519 12.847 14.0358 13.7752 13.3015 13.1379 13.5304 
