# name: CMB_12K
# type: matrix
# rows: 1
# columns: 2501
2.01715e+07 1897.37 1.75116e+06 3.34886e+06 1.53251e+06 2.13719e+06 574011 850577 387860 330237 361464 283435 223018 169967 169437 154835 107732 125781 82738 99752.4 72992.4 59042.6 49100.9 56852.3 51773.4 58047.1 59787.2 44630.9 59170.9 51938.8 42733.5 39587.6 56489 37780.3 41758.2 31345.1 33817.9 42872.2 37621.7 34362.5 49991.3 27931.6 31964.9 29565.4 26392.3 22613.1 24816.5 31441.8 17334.4 28190.1 28374.7 19719.5 22018.5 17964.7 17645.2 18879 23822.3 22347.8 19794.3 16740.9 18041.5 16824.5 20465.4 19961.6 16898 16561.8 14980.7 17536.3 17180.6 18356.5 16147.2 14579 12643.4 19605.9 17292.3 14182.5 12997.3 15381.9 12663 11386.4 13580 14814.8 16068.7 11508.8 11859.8 13451 13428.2 13737.5 10589.8 13325 12107.4 12904.1 13017.9 11897.7 11054 10425.5 10882.9 12089.6 9428.18 11743.9 11313.8 12127.5 11272.9 10112.1 12449.7 9518.27 10420.7 11560.4 12525.6 10801.9 11723.8 10193.2 10091.8 9143.82 7637.65 10352.7 10511.5 13133.1 10031.6 9686.84 9065.21 12395 9623.62 10365.1 8146.73 9172.33 9676.97 10398.1 9228.68 8603.88 9412.52 7975.04 8940.79 9273.47 8725.64 8496.09 9870.82 9037.97 9161.18 8839.58 8798.46 8754.24 9130.18 8813.94 8292.3 9423.13 8078.69 7750.73 7692.36 7845.95 8680.86 7855.21 8352.22 9184.89 6967.87 7381.08 7733.14 8122.55 8220.39 8044.83 8102.18 7357.79 6763.9 7576.82 8016.79 7463.89 7637.12 6666.25 8294.91 6914.09 7183.32 6780.92 8069.79 7702.43 6897.71 7128.7 7305.71 5951.76 6616.39 8250.87 6395.37 5843.02 6564.34 6148.13 6346.82 7247.83 6673.07 5984.7 6740.82 6664.29 6455.96 6087.74 7056.26 6067.69 6175.07 5610.06 5771.29 5893.5 5904.42 5834.62 5908.36 5922.47 5657.56 6280.98 5664.57 5715.13 5444.7 4924.73 5298.25 5071.32 5094.93 4999.86 5743.34 5375.16 4877.08 5663.24 5218.91 4617.38 5015.84 5019.3 5156.22 5025.15 5116.69 4831.94 4245.96 4676.74 4744.83 4716.13 4595.92 4140.74 4249.2 4495.27 4386.08 4587.49 4195.15 4293.77 4648.31 3940.3 4122.26 4385.6 4183.05 4282.42 3469.53 4062.65 3826.46 4058.72 3987.79 3839.69 3601.83 3201.93 3605.19 3486.91 4025.74 3443.07 3227.4 3276.46 3735.78 3042.67 3281.44 3032.02 3565.77 3248.69 3188.74 3925.95 3012.11 2461.88 3356.09 3230.11 2978.35 2822.01 2499.65 2918.59 3201.77 2582.73 3028.73 2541.96 2647.16 2574.26 2735.48 2607.25 2732.61 2413.79 2600.43 2519.38 2159.34 2349.75 2134.68 2215.08 2321.69 2127.72 2397 1936.01 2015.65 2258.14 1937.55 2072.65 2067.37 1926.58 1928.37 1884.85 1952.27 1891.62 1810.4 1788.74 1744.99 1849.6 1733.93 1489.06 1714.51 1665.12 1690.85 1594.52 1531.65 1519.45 1379.14 1570.19 1554.5 1348.98 1376.59 1339.16 1438.87 1240.8 1410.12 1317.73 1423.71 1222.72 1379.37 1290.18 1150.66 1288.11 1146.93 1321.18 1123.96 1091.97 1039.76 1073.93 1003.2 1044.13 1133.31 1062.47 1077.9 938.516 999.652 947.595 915.467 835.033 963.292 923.873 872.497 802.143 833.713 891.404 841.039 862.081 810.449 779.674 783.481 843.662 778.808 644.772 746.131 759.914 741.884 672.046 740.608 691.928 624.379 712.483 623.111 645.167 646.138 632.655 672.538 615.76 625.157 629.966 612.357 602.399 642.607 586.6 594.074 533.431 549.501 522.419 513.293 520.386 553.188 511.863 560.159 468.915 534.864 470.302 509.317 504.362 493.552 489.424 524.871 505.917 443.647 439.419 473.933 459.316 465.143 452.894 496.666 470.649 437.256 439.76 482.637 447.404 420.69 411.257 459.422 448.565 451.491 442.754 420.756 396.832 430.665 455.664 397.921 422.238 386.109 406.631 419.573 399.775 426.793 447.162 402.84 413.567 428.608 433.733 426.684 417.302 409.066 427.558 391.103 433.597 374.52 403.332 393.508 414.726 447.333 420.245 401.223 395.472 366.521 394.407 397.753 403.759 358.765 408.21 408.824 415.38 406.919 431.234 395.681 414.785 388.051 395.811 440.468 396.947 435.26 409.58 458.381 436.225 410.647 418.863 412.008 397.933 392.136 386.694 424.075 405.034 421.989 411.65 407.484 389.051 427.062 403.201 442.769 391.792 420.472 420.501 411.236 426.609 383.917 405.453 404.801 427.027 431.558 398.533 447.337 368.644 412.648 378.605 383.48 393.047 407.883 398.16 416.312 411.395 370.239 406.569 411.039 409.061 424.145 411.018 393.628 385.28 388.806 435.302 411.523 400.963 365.635 375.479 367.697 392.027 407.776 382.535 361.473 374.464 388.736 383.108 380.395 354.173 398.346 355.855 381.466 335.22 364.985 374.832 371.13 375.311 353.638 359.16 364.648 339.097 358.804 337.455 356.045 323.108 320.182 333.695 387.526 348.269 324.831 353.764 335.462 350.912 318.86 327.476 335.744 314.272 352.181 335.979 300.586 343.117 328.408 308.726 323.728 331.769 334.004 323.054 340.597 312.997 318.789 306.235 286.164 308.636 287.604 282.468 288.968 295.814 318.134 285.863 296.786 279.401 293.939 277.419 287.932 267.007 287.865 280.419 294.319 266.344 282.905 264.688 262.8 266.88 264.935 251.806 249.543 245.44 243.901 237.52 248.314 244.9 266.172 235.348 242.631 246.13 231.482 241.25 239.327 232.98 223.012 226.433 226.476 229.67 229.041 217.05 223.618 221.401 230.121 223.296 209.359 208.99 216.047 202.125 210.703 218.295 202.93 202.198 213.444 197.74 206.298 190.343 200.73 190.969 185.855 196.07 191.456 187.393 186.661 185.701 186.164 180.634 178.535 187.685 186.233 185.277 185.263 168.861 175.213 154.312 179.083 170.662 180.38 174.849 157.179 170.077 170.22 171.348 154.947 163.129 170.085 183.722 171.202 169.095 174.543 147.354 161.025 164.642 163.855 151.56 170.677 171.94 162.607 155.174 156.455 161.27 165.859 148.538 151.407 147.678 159.215 154.378 146.515 151.158 142.723 133.773 143.365 146.037 153.414 146.089 154.882 150.379 150.964 147.929 138.042 148.76 151.29 152.341 145.87 146.718 152.975 139.276 147.132 150.155 142.75 145.584 141.831 149.215 133.362 142.343 142.232 151.958 140.003 138.002 132.325 138.618 132.199 142.411 151.658 136.35 142.164 147.632 147.92 137.105 140.503 137.739 146.755 145.153 135.511 138.829 144.648 135.144 144.337 129.789 132.762 138.624 144.518 135.698 153.707 150.89 134.897 145.888 141.301 147.194 142.133 140.326 140.793 154.579 150.687 152.402 146.36 149.795 147.952 144.606 146.214 144.116 138.775 135.088 136.995 153.8 146.897 142.899 149.345 155.683 145.5 144.189 142.119 142.974 153.101 137.406 149.692 139.433 138.383 138.765 150.876 140.263 139.552 139.998 144.068 141.106 144.302 137.594 146.631 140.586 138.947 142.155 140.002 138.437 137.906 142.266 137.373 137.447 137.564 147.521 147.602 142.815 143.573 129.761 140.189 142.591 137.771 140.397 138.952 139.848 141.603 146.017 137.001 134.02 132.591 135.76 146.127 131.826 130.138 132.674 132.049 132.305 134.867 134.086 139.165 130.431 139.354 128.076 126.645 134.393 134.731 131.028 135.634 126.972 123.989 134.668 133.242 132.973 127.281 122.686 129.99 129.909 124.615 115.424 117.368 122.742 121.001 131.421 119.572 123.125 118.937 117.864 123.106 128.955 116.557 118.559 116.369 117.084 120.752 116.456 113.158 112.499 110.495 122.321 115.017 107.749 112.333 113.535 112.233 105.616 106.948 108.571 108.326 105.852 98.5164 112.443 100.678 103.456 99.2835 99.6162 105.507 96.8954 93.4622 91.6504 104.186 97.7633 94.5554 89.6373 90.0242 91.9798 93.8651 93.7523 90.5428 92.5593 99.0027 93.4351 90.1426 88.7855 89.1586 87.577 86.9554 84.5121 88.5513 83.7423 80.5009 83.5888 81.1442 80.8262 82.903 80.0853 78.5549 75.4102 84.796 80.0214 77.1784 77.5152 73.3789 74.2753 76.3359 74.0571 76.0346 69.5984 70.5176 72.7106 71.9357 68.4335 70.121 70.8222 65.4756 67.5469 73.1129 66.3298 64.5498 64.7855 65.5324 65.9416 66.7177 64.7055 64.894 63.061 62.8235 63.1306 61.701 58.1222 59.0743 57.0789 52.4197 57.5768 58.5658 58.3853 55.4977 56.7507 53.2434 54.2876 54.8961 54.427 52.6588 52.4427 54.1883 48.8384 51.7621 52.5195 47.7021 52.3651 50.0946 51.1695 48.1837 48.9214 49.2778 48.7243 48.1082 49.3109 47.5276 45.0956 46.0123 44.1639 45.4037 42.5824 46.6585 44.9465 42.3416 43.2684 44.9717 40.932 41.8808 40.3154 41.7923 42.1646 43.2893 42.1742 40.1074 38.9516 41.4626 40.3791 39.0404 39.1792 38.5613 37.9817 40.756 38.6569 40.0445 39.7225 36.4523 37.4782 37.3665 35.6862 38.9884 38.2643 36.9487 36.4941 37.5844 35.9328 36.7388 36.1119 37.304 