# name: CMB_2K
# type: matrix
# rows: 1
# columns: 901
3.44615e+06 273.759 245970 471217 215914 300682 80590.6 118896 54378.5 46260.2 51106.1 39916.8 31484.7 24091.8 23781.2 21814 15284.6 17636.2 11552.2 14040.1 10261.5 8277.18 6929.59 7966.39 7326.59 8132.85 8464.64 6315.15 8345.52 7356.78 5993.96 5563.33 7984.42 5317.74 5862.3 4393.86 4742.27 6095.91 5287.86 4833.94 7076.02 3900.23 4493.77 4168.87 3696.03 3208.29 3529.71 4419.25 2441.22 3982.53 4021.81 2823.22 3091.03 2567.33 2487.84 2673.58 3380.22 3157.32 2776.44 2389.75 2576.88 2383.83 2901.82 2818.31 2398.01 2359.61 2108.95 2489.72 2445.4 2586.28 2312.53 2063.93 1803.88 2790.2 2471.37 2054.94 1846.15 2211.09 1808.31 1616.87 1931.3 2132.24 2304.56 1637.32 1694.34 1926.65 1937.52 1956.03 1501.75 1896.65 1720.34 1884.78 1868.1 1713.52 1602.3 1485.37 1571.66 1742.67 1353.57 1685.98 1637.62 1758.47 1644.67 1457.97 1789.35 1373.87 1511.78 1655.03 1802.71 1555.49 1686.48 1493.59 1457.58 1347.85 1109.37 1497.29 1543.49 1908.7 1453.44 1412.61 1326.61 1806.07 1401.61 1505.83 1221.06 1353.15 1389.66 1535.81 1337.87 1250.01 1392.9 1175.76 1329.82 1351.48 1265.56 1266.21 1457.51 1334.47 1361.94 1310.19 1295.27 1285.6 1348.19 1298.41 1209.22 1408.7 1206.69 1145.55 1147.74 1173.56 1292.65 1162.22 1245.9 1371.53 1040.11 1092.44 1159.3 1214.44 1234.49 1214.13 1205.6 1108.13 1023 1156.6 1197.82 1118.92 1139.54 1004.5 1246.54 1041.55 1080.24 1026.99 1207.11 1176.08 1045.01 1071.14 1112.86 901.691 1015.24 1253.11 979.424 892.545 1004.91 943.676 956.782 1098.79 1022.88 907.562 1033.41 1015.56 991.026 942.53 1075.08 935.943 945.004 876.188 871.787 900.383 925.21 917.244 913.772 927.275 867 960.397 882.128 876.742 851.636 780.261 829.548 787.993 799.406 772.583 891.157 848.67 767.121 884.366 813.669 734.427 774.885 772.496 821.277 784.534 793.282 776.65 674.193 732.553 760.978 755.568 732.198 655.694 664.933 718.338 696.18 726.463 670.557 683.75 729.24 631.85 659.354 700.525 679.318 678.915 559.182 651.042 623.767 655.504 633.127 625.92 586.142 516.596 583.554 577.229 655.257 553.628 520.434 517.652 597.208 494.246 538.095 504.021 582.521 530.909 515.587 642.837 491.883 404.115 559.428 524.536 492.953 472.504 414.61 477.715 525.468 432.038 500.145 419.555 433.655 432.217 454.188 435.466 450.9 401.012 431.013 425.457 361.582 395.998 359.043 365.12 392.65 358.256 389.075 321.179 341.938 376.195 330.235 352.84 349.895 322.288 328.674 322.101 338.892 327.498 302.442 305.672 292.928 309.98 296.677 259.568 294.634 281.087 295.554 273.769 260.975 262.731 245.128 274.022 268.135 230.728 234.379 234.056 248.256 217.322 246.83 228.61 254.475 217.829 231.79 223.376 202.486 226.101 208.79 229.877 199.099 195.349 180.597 191.372 179.605 181.799 199.002 186.81 191.708 165.799 174.142 169.292 166.214 151.519 173.019 162.395 158.515 143.17 152.18 159.385 150.848 151.849 144.92 142.78 138.157 153.168 141.602 117.103 131.998 138.749 133.361 122.202 133.609 122.644 112.796 125.552 111.759 120.728 115.075 115.69 126.291 113.467 115.433 117.234 112.017 111.682 116.437 107.963 109.235 99.5491 100.628 98.1979 96.7926 97.2304 105.367 94.4655 103.385 87.2529 99.2951 88.3329 94.659 94.116 93.5791 92.5417 99.1213 93.7824 83.9128 86.0363 89.019 83.749 88.0567 87.1846 94.2492 89.3381 84.4047 82.9422 92.1196 87.8182 78.854 79.8328 89.5208 87.1184 86.0539 85.984 78.7384 77.0233 82.5976 87.8116 78.3394 81.2049 74.6245 80.2075 81.9571 75.9133 82.6811 85.3324 79.0428 81.4626 82.418 83.4265 81.4614 81.0079 81.0936 84.185 76.8796 85.0467 72.9426 78.7747 78.3478 80.2574 87.2534 81.6185 80.8684 76.8024 70.7646 76.8391 78.2293 80.598 72.7637 83.9121 81.8944 80.619 81.2986 87.5073 79.4917 78.5796 77.1161 77.5723 86.3213 79.103 86.0836 82.4266 91.8836 86.0388 81.1842 84.1614 82.6286 79.9002 80.7045 77.5191 84.4786 81.1214 85.4539 82.8798 81.789 75.4761 86.0759 81.4743 88.1345 79.3663 85.1955 85.4511 80.4197 86.2494 79.4094 81.572 80.7566 85.7376 89.0992 80.1745 90.5625 77.7789 84.2541 75.9065 76.7099 82.3362 84.7886 81.5606 84.2509 82.4133 76.0737 86.2096 83.7167 83.8628 87.1884 85.06 79.8792 78.8815 77.4945 88.5685 84.3569 80.2038 74.9007 77.1813 77.7802 81.0852 85.0388 78.9444 74.7097 78.5696 79.7488 78.176 77.3748 75.3513 82.0301 74.5053 80.1852 68.9342 74.755 77.3466 74.6184 77.9923 77.5908 74.5961 76.331 72.9685 76.7638 70.5701 75.4768 67.8152 67.4974 70.4061 79.8757 73.262 67.6679 74.7237 72.8948 72.6059 67.1168 69.0056 70.4304 65.5662 74.2622 69.9688 64.5139 72.8989 68.8446 65.2637 68.7553 70.5736 71.8986 68.9798 71.7272 64.9283 68.9227 66.9258 61.084 65.3326 61.1704 62.9582 62.381 62.1327 67.1305 60.3961 64.3493 58.9018 61.2497 57.7112 62.4799 57.3299 61.3146 58.9312 62.7693 57.6546 61.8565 57.4289 56.6217 57.4393 55.5059 52.2252 55.918 53.2682 51.4446 51.822 53.4741 53.7932 56.4569 49.702 52.3129 53.3461 48.699 51.1708 52.776 50.4247 47.5432 49.3469 47.8513 47.8904 49.9414 46.259 47.9057 47.7193 49.13 46.6389 45.6038 44.694 46.4387 44.7114 44.9623 46.0937 42.9727 44.1823 45.8037 42.7654 44.8427 41.7788 41.5447 41.0307 41.4397 42.4013 41.0415 41.8506 41.1774 40.4639 40.2799 40.8872 38.5262 41.2762 40.2086 40.4264 40.6889 36.1776 36.9207 34.0265 37.2887 36.252 38.836 37.4379 34.7007 36.7411 35.0517 37.6823 34.2201 35.795 35.6024 37.8751 39.0205 37.9495 37.938 33.5804 34.6152 35.9061 34.9547 33.0642 36.8787 36.6026 35.1666 34.5642 33.9559 35.7491 35.6446 32.2593 32.5409 32.8516 34.9561 33.0247 32.4477 32.2076 31.2956 29.5792 31.0991 32.5121 33.457 31.2577 33.0685 32.5824 34.1482 32.6249 29.5159 32.1225 32.1951 33.1311 30.9746 32.496 32.4329 30.2709 32.4484 32.1555 31.245 31.7963 31.3882 31.7481 29.0116 30.2582 30.6624 32.5821 30.1143 29.3899 28.4889 29.9117 28.8721 30.0476 31.4271 30.6295 30.0388 30.4026 31.9938 28.9728 30.4528 28.7331 31.6177 31.4449 29.7638 29.5033 30.5841 28.6639 31.1704 27.9895 29.5127 29.2085 30.5488 29.7301 31.56 31.0969 29.0395 30.9161 28.8836 30.8646 29.9239 29.7239 29.4412 32.1458 31.8767 31.1031 29.7799 32.2726 31.1861 29.129 30.8866 29.9535 29.6775 29.7803 29.2103 31.3014 30.9257 29.6445 30.3833 31.2748 30.9528 29.6452 29.3376 29.5717 30.6476 28.2097 30.517 29.3696 29.7937 29.284 31.2313 28.0868 28.7414 29.1043 29.9208 29.0296 29.8028 28.6596 29.0523 28.7776 28.5559 28.2653 27.9373 28.2777 28.7518 29.1522 27.0356 27.679 28.0195 29.033 28.3521 28.6282 29.0787 27.7004 28.5056 28.7183 27.4983 28.1546 28.5565 28.2918 28.6887 29.332 27.7787 26.8544 26.419 27.3901 30.0494 25.9433 25.4237 25.8248 25.743 26.2258 26.7088 26.2345 26.4438 25.1856 27.1612 25.1062 25.8582 26.5728 25.255 25.1622 26.6016 24.9952 23.8453 26.9878 25.7271 26.379 23.8729 25.5479 24.9427 25.1833 24.2821 23.1651 22.7071 23.3576 23.12 25.4084 23.125 23.1081 23.33 22.1213 23.2773 24.4317 22.8365 21.9418 21.4953 21.8631 23.5054 21.917 21.2265 21.6739 20.2898 22.5069 22.4927 19.7563 21.4375 21.2687 20.738 20.3587 20.2328 19.4833 19.0715 20.1438 19.2861 20.885 18.7361 19.1673 17.9956 18.4823 19.4795 18.2046 17.6095 17.3412 19.4239 18.2467 17.5636 16.8211 16.4063 16.1492 15.965 16.7068 16.4396 16.8914 18.3851 17.6666 16.4916 16.4838 16.6524 16.0145 16.2854 15.2 16.0493 15.271 15.6551 15.8039 14.6858 13.9513 14.5823 14.7247 14.0098 
