# name: CMB_4K
# type: matrix
# rows: 1
# columns: 1801
7.13823e+06 639.001 488859 942481 430368 599705 161246 238965 108770 92723.3 101416 79538.2 62424.4 47735.5 47637.7 43379.1 30288.3 35311.3 23207.6 28036.9 20497.7 16620 13782.4 15935.7 14556.3 16296.2 16800.7 12497.1 16626.6 14586.2 11906.4 11077.5 15861.1 10569.8 11703.4 8757.35 9500.16 12078 10588.4 9640.57 14025.7 7792.29 8992.76 8303.71 7378.06 6375.45 6976.5 8832.53 4856.92 7921.42 7978.31 5565.49 6146.56 5033.81 4943.55 5315.78 6681.94 6249.64 5529.25 4716.51 5087.95 4726.52 5755.66 5613.16 4746.52 4660.93 4221.64 4953.96 4850.73 5168.38 4577.04 4109.85 3554.27 5513.89 4852.24 4000.9 3654.19 4319.31 3571.36 3187.63 3813.63 4187.22 4555.19 3231.92 3342.53 3778.64 3792.78 3858.36 2967.29 3736.12 3421.24 3637.23 3671.47 3355.88 3124.55 2929.72 3067.72 3398.72 2643.71 3318.68 3191.45 3430.42 3201.14 2846.57 3514.27 2702.02 2944.01 3255.51 3536.04 3033.95 3320.68 2882.27 2853.31 2597.47 2162.03 2914.02 2971.06 3711.26 2837.71 2734.41 2558.48 3520.25 2721.87 2927.77 2320.3 2595.92 2730.85 2966.57 2603.85 2439.21 2675.51 2251.63 2549.44 2615.44 2458.22 2425.83 2795.91 2569.03 2604.15 2517.58 2498.24 2485.06 2594.01 2496.07 2352.17 2683.53 2291.33 2198.74 2184.1 2228.41 2477.08 2236.35 2371.77 2610.34 1993.41 2100.03 2208.6 2323.69 2340.15 2304.14 2299.36 2103.86 1925.6 2173.49 2285.39 2128.55 2168.47 1907.31 2371.76 1969.21 2043.89 1940.28 2304.28 2209.28 1973.82 2036.99 2092.93 1703.6 1903.51 2353.57 1829.53 1673.54 1885.11 1781.05 1809.7 2070.14 1923.05 1713.68 1943.24 1910.38 1852.82 1754.9 2025.95 1742.25 1770.05 1613.1 1649.85 1691.48 1707.77 1687.04 1699.6 1716.18 1628.22 1802.73 1633.57 1639.63 1565.62 1426.9 1528.91 1461.97 1470.4 1432.9 1660.81 1560.03 1410.1 1631.68 1501.89 1331.82 1437.73 1443.64 1502.53 1447.13 1476.61 1409.89 1226.51 1351.87 1384.34 1371.72 1334.14 1202.61 1223.89 1303.34 1270.86 1327.42 1225.83 1250.97 1335.27 1155.85 1198.53 1272.89 1224.22 1235.93 1009.3 1184.28 1121.4 1178.74 1155.3 1122.25 1054.13 931.31 1056.49 1027.19 1176.85 1005.34 936.831 952.035 1086.57 890.534 965.036 891.379 1040.87 949.117 934.052 1149.13 878.522 720.202 986.305 944.977 876.916 831.046 733.252 858.522 936.387 759.484 892.706 744.871 776.415 757.582 803.286 767.941 805.552 709.306 765.647 746.203 633.325 697.211 636.052 647.761 685.698 628.135 697.638 572.02 596.811 666.736 578.453 615.686 609.736 569.808 570.069 557.894 582.901 562.569 535.445 531.655 516.092 549.02 516.301 446.345 509.018 492.03 507.285 474.134 455.106 451.685 413.804 472.087 467.575 403.527 409.965 397.085 429.651 370.805 423.169 392.799 428.029 367.987 409.404 385.702 343.439 383.183 348.329 396.049 339.247 329.324 310.217 323.643 302.24 315.274 340.395 318.305 324.035 280.075 297.832 285.576 277.247 253.399 292.341 279.265 264.338 241.049 250.996 268.507 255.319 259.515 245.436 239.265 235.193 255.846 236.849 194.449 225.662 229.581 226.622 203.401 224.054 208.439 189.058 216.672 188.509 198.42 196.644 192.313 207.036 187.298 191.657 189.87 186.752 186.582 196.342 177.988 180.163 164.287 167.167 160.569 157.251 158.82 170.776 156.886 169.571 143.815 164.032 143.063 157.385 154.48 152.335 150.949 162.269 155.163 136.237 136.091 145.535 140.255 142.134 139.772 154.141 145.03 135.288 134.748 148.762 139.018 129.223 128.116 143.024 139.111 139.837 137.132 130.368 122.583 134.165 142.6 123.671 129.727 120.941 127.232 131.019 124.763 133.939 140.37 125.139 128.305 132.251 133.932 132.597 129.461 127.736 133.973 122.468 136.518 116.717 126.354 124.276 129.944 140.456 130.955 126.869 123.571 113.273 124.544 124.71 126.356 114.257 129.561 129.189 129.091 128.47 137.55 123.755 128.656 122.117 124.067 138.397 125.894 136.747 130.317 146.937 138.353 130.75 133.131 131.174 126.478 123.892 123.056 134.999 129.094 134.329 131.03 127.704 122.478 136.021 128.696 141.11 124.628 134.723 133.756 129.132 135.103 123.538 130.254 129.469 136.501 140.161 127.997 143.423 119.022 131.97 121.83 123.143 127.443 132.249 128.806 133.697 132.046 118.995 131.581 132.664 130.72 134.96 133.61 125.914 124.811 123.412 140.42 134.143 128.39 117.939 122.967 121.135 127.906 133.496 124.038 118.669 121.735 125.045 122.606 123.428 115.615 129.677 116.991 124.624 108.64 117.634 122.348 121.456 122.918 116.751 117.061 119.082 111.253 118.269 110.525 116.736 105.079 105.024 110.144 126.1 114.314 106.667 116.141 112.674 115.101 105.78 108.34 111.096 103.971 116.575 109.944 101.436 113.528 108.74 101.266 106.123 109.278 111.138 107.295 113.128 103.748 106.592 102.667 94.0773 102.776 95.9764 94.1463 95.9562 98.2722 105.981 95.1695 99.5546 94.6653 96.9474 92.2987 95.5518 89.7207 95.784 94.3566 99.3016 90.2024 95.1263 88.2302 87.7022 89.3982 87.0288 83.9177 85.5488 81.9675 82.683 80.6248 84.3791 82.5289 89.0018 77.8398 83.4374 82.9504 77.5721 80.6179 82.4074 79.7003 75.9944 76.7575 76.0322 76.6877 77.5166 73.495 75.8263 76.4048 78.5958 75.147 71.6156 71.4551 73.9155 69.1192 71.7182 73.4536 68.6591 69.1094 73.5256 67.9873 70.1536 65.6104 67.982 65.4494 64.0699 66.7003 65.7243 64.4509 64.1734 64.2566 63.2375 62.5916 61.1996 63.721 63.5807 64.4851 63.9789 56.7323 59.8749 52.8938 61.3077 58.1719 61.7358 60.876 54.7294 58.7653 58.4755 59.8564 53.1394 56.2186 57.3546 62.8111 59.8114 59.1197 61.0569 52.1093 55.316 56.4888 56.7869 52.1398 59.7233 59.015 56.2368 54.3289 54.1654 56.7156 57.3791 51.973 52.2792 51.7925 56.4842 54.0209 51.455 52.0575 49.9381 47.2232 50.2831 51.5028 53.5039 51.0608 54.7625 52.8985 53.7313 51.6281 47.8724 52.0509 53.2867 53.7758 51.2252 52.2402 53.4987 48.8297 52.5549 52.712 50.1457 52.3568 50.4057 52.1658 47.3773 50.1153 49.9341 54.7272 50.1353 48.4759 46.9438 49.964 47.496 50.0957 53.5173 49.4133 50.4409 51.7613 52.9422 49.0369 50.0506 48.9658 52.6277 51.7543 48.8075 49.3782 51.7007 48.1376 52.0303 46.3938 48.1961 50.0341 51.6556 48.891 54.9804 54.1915 48.7027 52.5947 50.4864 52.4365 51.0546 51.009 50.2407 54.9933 54.9963 54.6156 51.9444 54.1711 53.2444 52.1328 52.8745 51.2973 50.9865 49.5385 49.7901 56.0209 54.3734 51.7199 54.3509 56.1902 53.0465 52.2689 50.9134 52.2804 55.3592 49.0928 55.1299 50.8124 51.908 50.6389 55.3664 51.0493 51.1032 51.3284 52.672 51.6838 52.7031 50.5629 52.9879 51.4653 50.5452 50.484 51.5377 50.5426 51.1368 52.2807 49.6529 50.7913 50.6571 53.8644 53.7753 52.4076 53.0559 48.2594 52.2742 52.2507 49.9768 51.6542 52.5752 51.4108 51.3825 54 50.3948 48.9768 48.9378 50.8265 55.6484 49.0384 47.4644 48.9714 48.1661 49.2978 50.9516 49.8606 51.0503 48.4503 51.3087 47.7405 47.7685 49.3732 49.4059 48.5932 50.0932 46.6961 46.0313 50.1937 49.972 49.4134 47.5654 46.343 48.3339 47.7475 46.2584 43.6578 43.963 45.4612 44.7481 48.9174 44.5315 45.7735 45.1778 44.0727 45.9471 48.9535 43.9017 44.8319 43.0151 43.3696 45.2511 43.0534 42.5676 42.4276 41.3792 46.2599 44.2959 39.9958 42.4481 42.6171 42.2961 40.147 40.6275 40.643 40.3789 39.9156 37.5441 42.4599 38.7715 39.0665 37.298 38.13 39.5505 36.7971 35.7364 34.1219 39.6901 37.1828 36.1006 33.8025 34.5294 34.8815 34.975 35.8192 33.9724 35.2348 37.3934 35.4503 34.3199 33.8724 33.9147 33.1212 33.8109 32.4585 33.9041 32.1894 30.922 31.7831 31.3025 30.4514 31.198 30.6042 29.8501 28.6301 32.8559 30.4621 29.4294 29.8453 28.0519 28.6845 29.2459 28.2117 29.5088 26.4718 26.7973 28.0657 26.7974 26.7131 27.4448 27.2407 25.0936 25.4866 27.7967 25.6864 24.9405 24.7559 25.2529 25.1197 25.9945 25.1282 25.3905 24.5193 24.3627 24.2484 23.9432 22.2862 22.9719 22.3254 19.8047 22.1721 23.0371 22.4523 21.5698 22.0836 20.7811 20.8776 21.2682 20.8681 20.34 20.2823 20.9849 18.8856 20.1834 19.7733 18.7166 20.4452 19.3832 19.745 18.491 19.417 18.9594 19.1047 18.8437 18.8563 18.0624 17.4785 17.928 17.1063 17.917 16.4477 18.2345 17.2333 16.3482 16.8563 17.4403 16.2065 16.4318 15.8377 16.2526 16.3875 16.5872 16.2203 15.8355 15.8371 16.2556 15.584 15.5112 15.3217 15.1651 14.9117 15.5849 14.6393 15.854 15.8115 14.4399 14.8556 14.9521 14.025 15.5392 15.1999 14.4644 14.5046 14.6649 14.1336 14.728 14.4068 14.2203 14.2833 