# name: CMB_12K_1200
# type: matrix
# rows: 1
# columns: 1201
0.726011 0.000145252 0.0288691 0.0725934 0.042541 0.0728383 0.0225398 0.0389525 0.0205858 0.0190963 0.0232328 0.0184496 0.0173687 0.0141028 0.014494 0.0157502 0.0117969 0.0145201 0.00935621 0.0131253 0.00939589 0.00813623 0.00709196 0.00890832 0.0080268 0.00949091 0.00989541 0.00842016 0.0102249 0.00995573 0.00833727 0.00871691 0.0123477 0.00849859 0.0092065 0.00748203 0.00758954 0.0101701 0.0090369 0.00969778 0.0131723 0.00739978 0.00950498 0.00793865 0.00792693 0.00749348 0.0078888 0.00972092 0.00557341 0.00956481 0.0105559 0.00709754 0.00784884 0.00691374 0.00633852 0.00733163 0.00909294 0.00859392 0.00783275 0.00708425 0.00803058 0.00713697 0.00844398 0.00891522 0.00758383 0.00818499 0.00707241 0.0081295 0.00816568 0.00847469 0.00851353 0.00768725 0.00640695 0.00964976 0.00842509 0.00827017 0.00673739 0.00851048 0.00722623 0.00651488 0.00774098 0.0088121 0.00922405 0.0064329 0.00777444 0.0086862 0.00824584 0.00859047 0.00688786 0.00825318 0.00773183 0.00874524 0.0083568 0.00781676 0.00786585 0.00743016 0.00760196 0.00851386 0.00688912 0.00847138 0.00770978 0.00964848 0.0081965 0.00716224 0.0089378 0.00768073 0.00811637 0.00945183 0.00985723 0.00968992 0.00956635 0.00831301 0.00875079 0.00783621 0.00707376 0.00891113 0.00882034 0.0113953 0.00892029 0.00918845 0.00841784 0.0112186 0.00974325 0.00943409 0.00820589 0.00834752 0.0094467 0.00937667 0.00871297 0.00820955 0.00903841 0.00804627 0.00837163 0.0089036 0.00876505 0.00873931 0.0096393 0.00961104 0.00896694 0.00918554 0.00897028 0.00888564 0.00986227 0.00957899 0.0091815 0.0102928 0.00905308 0.00868673 0.00864923 0.00851957 0.00960091 0.00863798 0.00962625 0.010577 0.00830871 0.00869264 0.00934414 0.0100727 0.00952075 0.00892226 0.0101423 0.00875602 0.0087834 0.00944593 0.00918558 0.00958914 0.00965496 0.00896076 0.0104022 0.00904339 0.00914805 0.0088978 0.00971391 0.00961066 0.00918717 0.00916055 0.0104124 0.00785918 0.0088504 0.0107796 0.00964703 0.00829447 0.00963257 0.00882169 0.00886812 0.0112823 0.0096448 0.00888413 0.010193 0.00997304 0.0103178 0.00894081 0.00994002 0.0092061 0.00962043 0.00929368 0.00943094 0.00892805 0.00905092 0.00909424 0.00900312 0.00946843 0.00863212 0.00995852 0.00903552 0.00925428 0.0084794 0.00807339 0.00898992 0.00771182 0.00835359 0.00853674 0.00913246 0.00913715 0.00813561 0.00943817 0.0089841 0.00790984 0.00974844 0.00900955 0.00866622 0.00851724 0.0084723 0.00803964 0.00796453 0.00889819 0.00811427 0.00853458 0.00807131 0.00812541 0.00792252 0.00880153 0.00838798 0.00890243 0.00853861 0.00825277 0.0087607 0.00779587 0.00803892 0.00839161 0.0081606 0.00825025 0.00709442 0.00844189 0.00764028 0.00836286 0.00805181 0.0078352 0.00765626 0.00682062 0.00723057 0.00722096 0.00856411 0.00749288 0.00753234 0.0076553 0.00822358 0.00666276 0.006864 0.0064655 0.00761398 0.00719839 0.00727145 0.00902094 0.00702446 0.00589924 0.00716075 0.00734839 0.00731748 0.0068262 0.00651793 0.00696827 0.00754793 0.00641727 0.00717861 0.00624166 0.00685805 0.00651122 0.0068121 0.00663371 0.0066965 0.0065018 0.00708209 0.00673243 0.00596461 0.0063913 0.0054618 0.00580797 0.00618932 0.00525078 0.0065715 0.0052809 0.00573092 0.00607015 0.00569094 0.00585921 0.00567525 0.00566439 0.00605278 0.00530702 0.00567287 0.00562047 0.00560314 0.00567264 0.0052392 0.00551823 0.00505619 0.00459348 0.00512315 0.00515447 0.00513474 0.00493675 0.00482628 0.00490575 0.00445164 0.00482316 0.00460273 0.00472538 0.00458576 0.00448239 0.00477514 0.00469689 0.00479194 0.0044348 0.00479231 0.00417839 0.00472352 0.00472371 0.00417776 0.00485785 0.00413062 0.00483005 0.00442509 0.00419907 0.00394083 0.00394387 0.00405207 0.00404641 0.00420493 0.00412637 0.00396289 0.00383395 0.00384722 0.00384918 0.00389071 0.00342128 0.0041706 0.00400355 0.00376379 0.00340327 0.00358638 0.00380611 0.00339427 0.00398381 0.00385812 0.00350225 0.0035688 0.00375631 0.00386158 0.00317709 0.00333335 0.00325976 0.00379458 0.00348415 0.00358819 0.00347024 0.00327638 0.00374719 0.00312347 0.00321344 0.00344078 0.00351489 0.00338113 0.00314109 0.00319404 0.00338023 0.00334819 0.0031905 0.00359015 0.00313303 0.00333483 0.00319614 0.00309913 0.00294436 0.00295385 0.00321488 0.00325672 0.00299669 0.00316306 0.00313201 0.00336592 0.00303355 0.0029023 0.00292313 0.00311541 0.00298696 0.00329693 0.00312133 0.00269229 0.00302119 0.00312513 0.00299262 0.00299349 0.00293411 0.00310777 0.00318305 0.00287672 0.00287381 0.00303539 0.00300921 0.00269767 0.00275049 0.00279679 0.00290508 0.00299539 0.00258417 0.00286269 0.00252339 0.00290241 0.00304001 0.00286188 0.00288774 0.00265215 0.00271897 0.002709 0.0028753 0.00302535 0.00313939 0.00292203 0.00280128 0.00299777 0.00279258 0.00294504 0.00286655 0.00293483 0.00292676 0.00292517 0.00303952 0.00288378 0.00287911 0.00292093 0.00296028 0.00312915 0.00285663 0.0028099 0.00277567 0.0026069 0.00272017 0.00287177 0.00282207 0.00266164 0.00265158 0.00284969 0.00286165 0.00297369 0.00288883 0.00281827 0.00299048 0.00284594 0.00267964 0.002909 0.00262436 0.00289761 0.00307259 0.00290725 0.00292791 0.00279489 0.00283425 0.00295903 0.0027785 0.00291234 0.00279866 0.00279669 0.00286184 0.00297789 0.00289258 0.00287349 0.00282041 0.00303836 0.00277728 0.00290029 0.00274053 0.00308576 0.00293023 0.00291264 0.00321067 0.00270762 0.00286205 0.00264741 0.0031509 0.00307555 0.00278041 0.00322724 0.0026018 0.00281403 0.0030175 0.00267468 0.00276192 0.00296443 0.00298162 0.00298608 0.0030199 0.00278371 0.00293849 0.0029652 0.00275418 0.00291677 0.00276503 0.00280019 0.00280302 0.00284119 0.00306096 0.00289634 0.00283531 0.00272224 0.00277679 0.00270541 0.00274593 0.00292908 0.00291701 0.00278906 0.00269478 0.00289996 0.0027128 0.00276243 0.00274112 0.00285976 0.00273245 0.00275484 0.00267918 0.00276929 0.00295219 0.00274907 0.00271898 0.00271407 0.00290447 0.00282 0.00266948 0.00272148 0.00257305 0.00267915 0.00259289 0.00270009 0.00261678 0.00281408 0.00280397 0.00273233 0.00284613 0.00253079 0.00288178 0.00262925 0.00260855 0.00266315 0.00267212 0.00281144 0.00279176 0.00243081 0.00271718 0.00251285 0.00240296 0.00262721 0.0025951 0.0027036 0.00261002 0.00270793 0.00264697 0.00261067 0.00258073 0.00253136 0.00268263 0.0025192 0.00248527 0.00248805 0.00252881 0.0025795 0.00263537 0.00252811 0.00268489 0.00253136 0.00247081 0.00241323 0.00251094 0.00242035 0.00254996 0.00268265 0.00247292 0.00250699 0.00248447 0.00232766 0.00234927 0.00245348 0.00254733 0.00230531 0.00226072 0.00221576 0.00229366 0.0023024 0.00222635 0.00238605 0.00229368 0.00228101 0.00229586 0.00242422 0.00238122 0.00241208 0.00228038 0.00228442 0.00236282 0.00228234 0.00220177 0.00235456 0.00229349 0.00231531 0.00225985 0.00237778 0.00241578 0.00213392 0.00226199 0.00228095 0.00233059 0.00221945 0.00235088 0.00225601 0.00241228 0.00240741 0.00213847 0.00233316 0.00216266 0.00225491 0.00201987 0.00201183 0.00213944 0.00214558 0.00224435 0.00208774 0.00207586 0.00227816 0.0021602 0.00213768 0.00200769 0.00215265 0.00213932 0.00204423 0.0021156 0.00213851 0.00194744 0.00215203 0.00206366 0.0020983 0.00210695 0.00198628 0.00212303 0.00200678 0.00208165 0.00207161 0.00211787 0.002061 0.00229042 0.00214973 0.00210925 0.00217727 0.0021446 0.0020695 0.002041 0.00214435 0.00203897 0.00210152 0.00202018 0.00212475 0.00210687 0.00211748 0.00199887 0.00205633 0.00201224 0.00190396 0.00203839 0.0020975 0.00200098 0.00195407 0.00205455 0.00208454 0.00183896 0.00190724 0.00199896 0.00206228 0.0019036 0.00189355 0.00211201 0.00209093 0.00190446 0.00192165 0.00185418 0.00209357 0.00199065 0.002033 0.001801 0.00209449 0.00177123 0.0019623 0.00192404 0.00202347 0.00188973 0.00192996 0.00188546 0.00189386 0.0019447 0.00193824 0.00208845 0.00183835 0.00198715 0.00191982 0.00202457 0.0018712 0.00188978 0.00197254 0.00197489 0.0019765 0.00199472 0.00191174 0.00192382 0.00196432 0.00182332 0.00200842 0.00186986 0.00190995 0.00196573 0.00190973 0.00189234 0.00198138 0.00187152 0.00176621 0.00193879 