# name: CMB_12K
# type: matrix
# rows: 1
# columns: 2501
49115.2 5.36734 21.9147 31.3368 13.1099 14.2698 4.74259 8.46928 3.13682 2.81134 2.94509 2.959 2.19181 1.79812 1.81246 1.43202 1.17181 1.17868 0.553099 0.921547 0.717969 0.700472 0.534719 0.690088 0.491132 0.588374 0.590659 0.459161 0.576794 0.504575 0.439125 0.438955 0.554685 0.557219 0.513027 0.403227 0.288041 0.365264 0.407872 0.384244 0.484242 0.176228 0.394859 0.30487 0.306864 0.306405 0.228336 0.241095 0.21262 0.336476 0.341005 0.243857 0.21433 0.242875 0.253312 0.288096 0.277615 0.232197 0.247271 0.196086 0.262001 0.292975 0.209927 0.303517 0.230287 0.207861 0.262333 0.226989 0.212493 0.231512 0.231499 0.197354 0.18744 0.204329 0.174449 0.171611 0.173595 0.211769 0.204325 0.149518 0.160831 0.202258 0.181663 0.190961 0.198658 0.179459 0.168477 0.152838 0.153195 0.189966 0.209233 0.174931 0.185435 0.163686 0.183883 0.153373 0.159149 0.17402 0.139638 0.128992 0.145438 0.1727 0.142729 0.14516 0.176422 0.158495 0.152554 0.154682 0.180569 0.130307 0.151509 0.147734 0.145265 0.140068 0.120277 0.146341 0.122571 0.153467 0.145325 0.120587 0.138039 0.157464 0.152035 0.152315 0.110102 0.128405 0.128655 0.139988 0.121101 0.116961 0.117 0.142203 0.141703 0.126118 0.143977 0.121094 0.125269 0.130824 0.12839 0.132533 0.122237 0.126323 0.124138 0.131997 0.145907 0.117731 0.115986 0.114513 0.116335 0.116885 0.122966 0.107657 0.122607 0.129952 0.104628 0.10379 0.11352 0.112232 0.107298 0.112631 0.122552 0.117464 0.10382 0.132356 0.11687 0.115802 0.0968988 0.11368 0.11167 0.1031 0.110622 0.102423 0.117137 0.101638 0.112751 0.0984224 0.11423 0.106739 0.102877 0.109239 0.106646 0.101432 0.110168 0.0915113 0.0860267 0.109578 0.099803 0.0889664 0.0995739 0.102141 0.095471 0.0908739 0.0970671 0.0912976 0.104505 0.0962128 0.0901936 0.0908893 0.0909261 0.0956086 0.0870943 0.100437 0.0980658 0.083454 0.0864301 0.0836556 0.0867714 0.0894525 0.0839676 0.0784016 0.084135 0.0793745 0.0852422 0.0788201 0.0829487 0.0798453 0.0825877 0.0788833 0.0803929 0.0827098 0.0768594 0.0717591 0.0709732 0.087293 0.0768297 0.0745129 0.0725237 0.076953 0.0666001 0.067103 0.0649668 0.0771944 0.075832 0.075022 0.0729235 0.0626361 0.0697645 0.0703946 0.0643576 0.0666108 0.0671894 0.0644126 0.0655437 0.0713506 0.0671477 0.0644866 0.0621827 0.0690856 0.0631626 0.0644329 0.0635295 0.0602449 0.0673358 0.0632253 0.0591972 0.0682562 0.0624832 0.0558398 0.0590079 0.0532269 0.059349 0.0536335 0.053943 0.0627989 0.052544 0.0501632 0.0555404 0.0553335 0.0539498 0.0510751 0.0448424 0.0508556 0.0534289 0.055109 0.0507266 0.0540193 0.0470914 0.0475309 0.048566 0.0534073 0.0465109 0.0496493 0.0477863 0.0500864 0.0421974 0.0444826 0.0406279 0.0399164 0.0451863 0.041688 0.0455667 0.0419859 0.0393523 0.0474102 0.0455445 0.0421065 0.0414069 0.0406588 0.0399024 0.0396178 0.0396713 0.0361176 0.038243 0.0408778 0.0378974 0.0359385 0.0326101 0.0339195 0.0373105 0.0365957 0.0317051 0.02987 0.0368946 0.0344499 0.0334377 0.0341562 0.0320827 0.0333762 0.031586 0.033624 0.0322858 0.0311428 0.0331135 0.029977 0.0312466 0.0313128 0.0313575 0.0321077 0.0301591 0.0319761 0.0272594 0.0322392 0.030463 0.0305512 0.0286596 0.0252419 0.0267974 0.0262568 0.0273716 0.0267405 0.0250254 0.0273837 0.0250789 0.0245021 0.0255839 0.0245837 0.0270601 0.0250675 0.0237973 0.0256448 0.0236618 0.0230443 0.0228106 0.0237095 0.0233871 0.0198261 0.0203724 0.020581 0.0227235 0.0200334 0.0219755 0.0201988 0.0227989 0.0220491 0.0218747 0.0204798 0.0194171 0.0198571 0.0195898 0.0199103 0.0196365 0.0187637 0.0186666 0.0189676 0.0180927 0.017457 0.0205922 0.0205421 0.019852 0.0184354 0.0190776 0.0177628 0.0177434 0.0183155 0.0175708 0.0172002 0.0172225 0.014718 0.0174644 0.0179006 0.0183785 0.0161877 0.016992 0.0166073 0.0168306 0.0162705 0.0171102 0.0164094 0.0155015 0.0157829 0.0159428 0.0169353 0.0173154 0.015228 0.016878 0.016271 0.0146193 0.0158229 0.0145114 0.0154466 0.0143315 0.0134296 0.0145434 0.0156001 0.0142079 0.0149727 0.0133397 0.0150144 0.014174 0.0146688 0.0142515 0.0129055 0.0134382 0.0139156 0.0131983 0.0135466 0.0142268 0.0132993 0.0140767 0.0133888 0.0132185 0.0139801 0.0132056 0.0130136 0.0131737 0.0126786 0.0134477 0.0138387 0.0138049 0.0136897 0.0136866 0.0128188 0.0134022 0.0119808 0.0129951 0.0129526 0.0123961 0.0126876 0.0123651 0.0124053 0.0124424 0.0110269 0.0136298 0.0116022 0.0119428 0.0115038 0.0126392 0.0122551 0.0105672 0.0120874 0.0116897 0.0113681 0.012558 0.010634 0.0125429 0.0120036 0.0122164 0.0106317 0.0120459 0.0112327 0.0119627 0.012029 0.0109744 0.0112044 0.0111819 0.011115 0.0117135 0.0111944 0.0108538 0.0106783 0.0114041 0.0094083 0.0110911 0.010457 0.0107005 0.0109792 0.0107589 0.0109952 0.0102772 0.0107397 0.0112559 0.00996337 0.011348 0.0107149 0.0106278 0.0103772 0.00999184 0.0111387 0.0107097 0.00996491 0.00991163 0.0100454 0.00972177 0.0106078 0.0104003 0.00980484 0.0100992 0.0103883 0.00965786 0.00932948 0.00930656 0.0101449 0.0100625 0.00952697 0.0101824 0.00959493 0.00927171 0.0092926 0.0100107 0.0101587 0.00939047 0.00968793 0.00938851 0.00997338 0.0092867 0.0100193 0.00929204 0.00956236 0.0097714 0.00963688 0.00962462 0.00841515 0.00940744 0.00875884 0.00919684 0.00933815 0.00908859 0.00899445 0.00845985 0.00859496 0.00940283 0.00873728 0.00854047 0.00841477 0.00895745 0.00881657 0.008698 0.00848401 0.00844824 0.00852764 0.00840441 0.0077522 0.00830494 0.00782505 0.00820754 0.00787047 0.00797288 0.00788225 0.00824054 0.00794643 0.0076747 0.00734956 0.00787872 0.00738806 0.00855965 0.00788259 0.00784484 0.00794416 0.0074307 0.00741758 0.008015 0.00769977 0.00749098 0.00780262 0.00756088 0.00748416 0.00684439 0.00751514 0.00713895 0.00673685 0.00722376 0.00705176 0.00733321 0.0073669 0.00762437 0.00695349 0.00725048 0.00711774 0.00684512 0.00700334 0.00692676 0.00696299 0.0068103 0.00636959 0.00613045 0.00646499 0.00653796 0.00671727 0.00631287 0.00645445 0.00689524 0.00657373 0.0064229 0.00637857 0.00657922 0.00639401 0.00658044 0.00656096 0.00629384 0.00649498 0.00658443 0.00644903 0.00580164 0.00617624 0.00601468 0.00598008 0.00598513 0.00629617 0.00629186 0.00576507 0.00616707 0.00629844 0.00568463 0.00627348 0.00571869 0.00592395 0.00562217 0.00569534 0.00608551 0.005466 0.00555793 0.00547609 0.00578672 0.00567434 0.00539153 0.00539087 0.00560338 0.00550659 0.00554947 0.00560252 0.00537378 0.00523238 0.00545031 0.00540223 0.00511209 0.00503751 0.00536876 0.00494724 0.00527901 0.00485981 0.00503913 0.00503787 0.00496997 0.00541628 0.00523907 0.00480491 0.00497338 0.00529507 0.00567638 0.0047801 0.00512184 0.00496686 0.0048495 0.00470789 0.00504174 0.00491042 0.00502543 0.00493738 0.00489743 0.0048813 0.00513121 0.00496762 0.00524417 0.00474464 0.00450067 0.00452002 0.00469446 0.00461703 0.00476048 0.00463977 0.00458732 0.0043781 0.00465622 0.00446985 0.00467013 0.00449445 0.00444531 0.00436183 0.00453069 0.00474609 0.00461516 0.00434347 0.00485445 0.00460978 0.00443713 0.00418703 0.0045341 0.00427873 0.00443762 0.00446622 0.0044824 0.00445759 0.00431432 0.00411624 0.00420192 0.00425743 0.00438405 0.00446831 0.00439199 0.00420816 0.00421907 0.00424847 0.00420977 0.0041126 0.00431292 0.00440615 0.00407789 0.00429064 0.00426356 0.00400555 0.00430583 0.00417126 0.00420435 0.00406748 0.00410188 0.00435415 0.00418602 0.00388385 0.00400143 0.00435258 0.00362087 0.00414965 0.00416488 0.00414434 0.00408214 0.00417462 0.00411236 0.00424759 0.00426743 0.00410356 0.00387335 0.0038022 0.00378705 0.00398976 0.00397625 0.00402462 0.0040235 0.00381948 0.00420856 0.00406977 0.0039938 0.00385493 0.00388808 0.00364232 0.00384146 0.00410615 0.00361647 0.00385463 0.00386249 0.00403 0.00391482 0.00371836 0.00398212 0.00357347 0.00385384 0.00358971 0.00401179 0.0034548 0.00377469 0.00367833 0.00368672 0.00358856 0.00365411 0.00389064 0.00362718 0.00380932 0.00365956 0.00350752 0.00390912 0.00366917 0.00360076 0.00373691 0.00366228 0.00343007 0.00375222 0.00363603 0.00361194 0.00363254 0.00379786 0.00381846 0.00372921 0.00378449 0.00350985 0.00386688 